image_width: 640
image_height: 480
camera_name: narrow_stereo
camera_matrix:
  rows: 3
  cols: 3
  data: [1354.799263, 0.000000, 303.284684, 0.000000, 1354.496815, 290.459940, 0.000000, 0.000000, 1.000000]
distortion_model: plumb_bob
distortion_coefficients:
  rows: 1
  cols: 5
  data: [0.040402, 0.078880, 0.003451, 0.003997, 0.000000]
rectification_matrix:
  rows: 3
  cols: 3
  data: [1.000000, 0.000000, 0.000000, 0.000000, 1.000000, 0.000000, 0.000000, 0.000000, 1.000000]
projection_matrix:
  rows: 3
  cols: 4
  data: [1361.179199, 0.000000, 304.372569, 0.000000, 0.000000, 1362.378906, 290.993591, 0.000000, 0.000000, 0.000000, 1.000000, 0.000000]
