image_width: 640
image_height: 480
camera_name: head_camera
camera_matrix:
  rows: 3
  cols: 3
  data: [1343.696964284175, 0, 280.9156976611291, 0, 1343.052369833791, 317.3416017514509, 0, 0, 1]
distortion_model: plumb_bob
distortion_coefficients:
  rows: 1
  cols: 5
  data: [0.0162763355442923, 0.3285472494078995, 0.008515498789165117, -0.002050192692939867, 0]
rectification_matrix:
  rows: 3
  cols: 3
  data: [1, 0, 0, 0, 1, 0, 0, 0, 1]
projection_matrix:
  rows: 3
  cols: 4
  data: [1350.001220703125, 0, 280.6913686208827, 0, 0, 1346.236572265625, 318.6940947836592, 0, 0, 0, 1, 0]